saveMD5 = 38c9371dc23d8ee627fb129e09a4517b
vesselCount = 5
UT = 872107.98202797712
gameMode = CAREER
gameNull = False
gameCompatible = True
funds = 779907.05346957617
science = 322
reputationPercent = 23
ongoingContracts = 5
saveMD5 = 38c9371dc23d8ee627fb129e09a4517b
