saveMD5 = 000cfc07da98b5e1966401a5813c86a3
vesselCount = 13
UT = 1355045.7910788232
gameMode = CAREER
gameNull = False
gameCompatible = True
funds = 950695.03479166247
science = 402
reputationPercent = 42
ongoingContracts = 3
saveMD5 = 000cfc07da98b5e1966401a5813c86a3
