saveMD5 = 52e1e6392d4c157792918a27314dc490
vesselCount = 19
UT = 3873090.0761528779
gameMode = CAREER
gameNull = False
gameCompatible = True
funds = 1495705.0327538196
science = 180
reputationPercent = 63
ongoingContracts = 3
saveMD5 = 52e1e6392d4c157792918a27314dc490
