saveMD5 = 42e20e5047869d938449b64aa739a888
vesselCount = 19
UT = 7944955.1950849509
gameMode = CAREER
gameNull = False
gameCompatible = True
funds = 352105.33219976537
science = 748
reputationPercent = 66
ongoingContracts = 10
saveMD5 = 42e20e5047869d938449b64aa739a888
