saveMD5 = 09a036154e3b45a7a275238bb6c71521
vesselCount = 1
UT = 146658.64423610221
gameMode = CAREER
gameNull = False
gameCompatible = True
funds = 181818.68705380664
science = 87
reputationPercent = 13
ongoingContracts = 2
saveMD5 = 09a036154e3b45a7a275238bb6c71521
