saveMD5 = 9d77ab5f741a2b06d6089c01552b3881
vesselCount = 19
UT = 2728745.1134462855
gameMode = CAREER
gameNull = False
gameCompatible = True
funds = 2170960.3044670708
science = 425
reputationPercent = 56
ongoingContracts = 2
saveMD5 = 9d77ab5f741a2b06d6089c01552b3881
