saveMD5 = 9fdc037c27655fcd6f4860087f431f45
vesselCount = 19
UT = 2802806.292871132
gameMode = CAREER
gameNull = False
gameCompatible = True
funds = 2149556.6661498197
science = 125
reputationPercent = 57
ongoingContracts = 3
saveMD5 = 9fdc037c27655fcd6f4860087f431f45
