saveMD5 = 9cf33a6e550136a13a36651602e70ac2
vesselCount = 20
UT = 2664250.9059844716
gameMode = CAREER
gameNull = False
gameCompatible = True
funds = 1856933.8954237588
science = 500
reputationPercent = 49
ongoingContracts = 2
saveMD5 = 9cf33a6e550136a13a36651602e70ac2
