saveMD5 = 3f82c3b8cc2bf7ecf5eb9fd156a3ca20
vesselCount = 20
UT = 2669244.4822638594
gameMode = CAREER
gameNull = False
gameCompatible = True
funds = 1856933.8954237588
science = 500
reputationPercent = 49
ongoingContracts = 2
saveMD5 = 3f82c3b8cc2bf7ecf5eb9fd156a3ca20
