saveMD5 = 0402b850f87cf332e9de65df714af9db
vesselCount = 20
UT = 2673257.1015503821
gameMode = CAREER
gameNull = False
gameCompatible = True
funds = 1995509.8954237588
science = 503
reputationPercent = 55
ongoingContracts = 2
saveMD5 = 0402b850f87cf332e9de65df714af9db
