saveMD5 = 55e0903cd69b60b882d1990d05596bc7
vesselCount = 20
UT = 2677945.5586601109
gameMode = CAREER
gameNull = False
gameCompatible = True
funds = 1995509.8954237588
science = 503
reputationPercent = 55
ongoingContracts = 2
saveMD5 = 55e0903cd69b60b882d1990d05596bc7
