saveMD5 = 879ea912f9e076361ff67a712aec5619
vesselCount = 19
UT = 7325016.2496328373
gameMode = CAREER
gameNull = False
gameCompatible = True
funds = 194832.74092636036
science = 587
reputationPercent = 65
ongoingContracts = 11
saveMD5 = 879ea912f9e076361ff67a712aec5619
