saveMD5 = 180fce0f82326e7e71c3a517aceb34d6
vesselCount = 17
UT = 2588787.3013502266
gameMode = CAREER
gameNull = False
gameCompatible = True
funds = 1571136.3865567327
science = 342
reputationPercent = 44
ongoingContracts = 3
saveMD5 = 180fce0f82326e7e71c3a517aceb34d6
