saveMD5 = 121756a77fe9e2c586aefa3869822987
vesselCount = 19
UT = 2608197.2753777332
gameMode = CAREER
gameNull = False
gameCompatible = True
funds = 1962160.6454237588
science = 518
reputationPercent = 49
ongoingContracts = 2
saveMD5 = 121756a77fe9e2c586aefa3869822987
