saveMD5 = 98d927edc37c6f720aed95b67e15b134
vesselCount = 19
UT = 3132581.7098251544
gameMode = CAREER
gameNull = False
gameCompatible = True
funds = 2149556.6661498197
science = 125
reputationPercent = 57
ongoingContracts = 3
saveMD5 = 98d927edc37c6f720aed95b67e15b134
