saveMD5 = 7794f31caf0814356e3905dc90faa5e7
vesselCount = 19
UT = 2803041.0289979815
gameMode = CAREER
gameNull = False
gameCompatible = True
funds = 2149556.6661498197
science = 125
reputationPercent = 57
ongoingContracts = 3
saveMD5 = 7794f31caf0814356e3905dc90faa5e7
