saveMD5 = 7a65da56aa1032ac64e7de12b1621f10
vesselCount = 19
UT = 3226429.2153481827
gameMode = CAREER
gameNull = False
gameCompatible = True
funds = 2294660.6661498197
science = 128
reputationPercent = 60
ongoingContracts = 3
saveMD5 = 7a65da56aa1032ac64e7de12b1621f10
