saveMD5 = 27309af1d4e78d1cba360c0f2d6fb7ea
vesselCount = 19
UT = 4199428.0304978751
gameMode = CAREER
gameNull = False
gameCompatible = True
funds = 1579221.0841251768
science = 180
reputationPercent = 63
ongoingContracts = 4
saveMD5 = 27309af1d4e78d1cba360c0f2d6fb7ea
