saveMD5 = 699e3f9a2dae64a91afb05f0d2e722dd
vesselCount = 19
UT = 3873848.9501718008
gameMode = CAREER
gameNull = False
gameCompatible = True
funds = 1579221.0841251768
science = 180
reputationPercent = 63
ongoingContracts = 4
saveMD5 = 699e3f9a2dae64a91afb05f0d2e722dd
