saveMD5 = 09e5a3f60b619470304bca16392dd645
vesselCount = 19
UT = 4205114.9904027497
gameMode = CAREER
gameNull = False
gameCompatible = True
funds = 1579221.0841251768
science = 180
reputationPercent = 63
ongoingContracts = 4
saveMD5 = 09e5a3f60b619470304bca16392dd645
