saveMD5 = 5c6b47a6c4a1a5e835c81ebf8053c114
vesselCount = 19
UT = 4199452.2277398147
gameMode = CAREER
gameNull = False
gameCompatible = True
funds = 1579221.0841251768
science = 180
reputationPercent = 63
ongoingContracts = 4
saveMD5 = 5c6b47a6c4a1a5e835c81ebf8053c114
