saveMD5 = 635f4e5880eb15a7d9d950662ab6eb2e
vesselCount = 19
UT = 4205565.2052338021
gameMode = CAREER
gameNull = False
gameCompatible = True
funds = 1579221.0841251768
science = 180
reputationPercent = 63
ongoingContracts = 4
saveMD5 = 635f4e5880eb15a7d9d950662ab6eb2e
