saveMD5 = 5b6fb2da2ae2ac74490412b40b3db558
vesselCount = 19
UT = 4905550.2149676112
gameMode = CAREER
gameNull = False
gameCompatible = True
funds = 2116982.6227969844
science = 758
reputationPercent = 64
ongoingContracts = 6
saveMD5 = 5b6fb2da2ae2ac74490412b40b3db558
