saveMD5 = 6c873efd0d8ada1700f30b6400d8161b
vesselCount = 19
UT = 4947962.484184429
gameMode = CAREER
gameNull = False
gameCompatible = True
funds = 2116982.6227969844
science = 758
reputationPercent = 64
ongoingContracts = 6
saveMD5 = 6c873efd0d8ada1700f30b6400d8161b
