saveMD5 = 997829a676a8358edae9526793583b54
vesselCount = 18
UT = 5518229.3065725565
gameMode = CAREER
gameNull = False
gameCompatible = True
funds = 2059725.1092424621
science = 1115
reputationPercent = 64
ongoingContracts = 8
saveMD5 = 997829a676a8358edae9526793583b54
