saveMD5 = 8f1aee67d224ec054abac2af01315b77
vesselCount = 18
UT = 5921975.7989028078
gameMode = CAREER
gameNull = False
gameCompatible = True
funds = 2354223.6556552052
science = 1137
reputationPercent = 65
ongoingContracts = 7
saveMD5 = 8f1aee67d224ec054abac2af01315b77
