saveMD5 = 9a8d8104eb337596ff68b9559da5f7e7
vesselCount = 18
UT = 5898326.7167209014
gameMode = CAREER
gameNull = False
gameCompatible = True
funds = 2354223.6556552052
science = 1137
reputationPercent = 65
ongoingContracts = 7
saveMD5 = 9a8d8104eb337596ff68b9559da5f7e7
