saveMD5 = 7632e36fb7192ad29d34bd90727c2933
vesselCount = 18
UT = 5820361.9251617445
gameMode = CAREER
gameNull = False
gameCompatible = True
funds = 2059725.1092424621
science = 1115
reputationPercent = 64
ongoingContracts = 8
saveMD5 = 7632e36fb7192ad29d34bd90727c2933
