saveMD5 = 12d834db25e3d1835eba640ecc063b6c
vesselCount = 7
UT = 1230162.9027204076
gameMode = CAREER
gameNull = False
gameCompatible = True
funds = 797124.48889974435
science = 190
reputationPercent = 31
ongoingContracts = 2
saveMD5 = 12d834db25e3d1835eba640ecc063b6c
