saveMD5 = 5d5bf7ea7c55fc80c50a7370d1a40ee3
vesselCount = 6
UT = 1124445.8667313773
gameMode = CAREER
gameNull = False
gameCompatible = True
funds = 121375.00786737283
science = 101
reputationPercent = 26
ongoingContracts = 3
saveMD5 = 5d5bf7ea7c55fc80c50a7370d1a40ee3
