saveMD5 = 73fb7a460cf78d6a3a3ddfdd45e7c4c0
vesselCount = 5
UT = 934988.5667069169
gameMode = CAREER
gameNull = False
gameCompatible = True
funds = 65275.007867372828
science = 14
reputationPercent = 25
ongoingContracts = 4
saveMD5 = 73fb7a460cf78d6a3a3ddfdd45e7c4c0
