saveMD5 = 60c5f0034a938c442dcb3a0dd4689a0c
vesselCount = 11
UT = 1347379.8616428135
gameMode = CAREER
gameNull = False
gameCompatible = True
funds = 234679.03405208804
science = 189
reputationPercent = 31
ongoingContracts = 4
saveMD5 = 60c5f0034a938c442dcb3a0dd4689a0c
