saveMD5 = 3e98167563143b0d4d530bb76776230f
vesselCount = 9
UT = 1314919.7794150657
gameMode = CAREER
gameNull = False
gameCompatible = True
funds = 797124.48889974435
science = 190
reputationPercent = 31
ongoingContracts = 2
saveMD5 = 3e98167563143b0d4d530bb76776230f
