saveMD5 = 6c88a3d340d72962c4b1ed9b24ff1d5f
vesselCount = 8
UT = 1289219.1209627062
gameMode = CAREER
gameNull = False
gameCompatible = True
funds = 797124.48889974435
science = 190
reputationPercent = 31
ongoingContracts = 2
saveMD5 = 6c88a3d340d72962c4b1ed9b24ff1d5f
