saveMD5 = 1bc16c67a155f390af62ab51e0ee6a21
vesselCount = 18
UT = 3500142.4584041024
gameMode = CAREER
gameNull = False
gameCompatible = True
funds = 2428050.0212676176
science = 676
reputationPercent = 60
ongoingContracts = 3
saveMD5 = 1bc16c67a155f390af62ab51e0ee6a21
