saveMD5 = 3cdf5e644492b0aab894c41ff7c79db3
vesselCount = 19
UT = 9065743.4830669165
gameMode = CAREER
gameNull = False
gameCompatible = True
funds = 1077145.3321997654
science = 778
reputationPercent = 68
ongoingContracts = 8
saveMD5 = 3cdf5e644492b0aab894c41ff7c79db3
