saveMD5 = 071e10eed674e611fe32b193363bd3b5
vesselCount = 6
UT = 875807.78655974299
gameMode = CAREER
gameNull = False
gameCompatible = True
funds = 763784.85425082617
science = 322
reputationPercent = 23
ongoingContracts = 5
saveMD5 = 071e10eed674e611fe32b193363bd3b5
