saveMD5 = 69972510f94149e3acffb9d9a08f7925
vesselCount = 9
UT = 1314995.9194151366
gameMode = CAREER
gameNull = False
gameCompatible = True
funds = 829036.42467708804
science = 189
reputationPercent = 31
ongoingContracts = 4
saveMD5 = 69972510f94149e3acffb9d9a08f7925
