saveMD5 = 4678a04b0d9ebe7e7a724caa0df6b960
vesselCount = 19
UT = 9058682.8493868411
gameMode = CAREER
gameNull = False
gameCompatible = True
funds = 837655.33219976537
science = 765
reputationPercent = 67
ongoingContracts = 8
saveMD5 = 4678a04b0d9ebe7e7a724caa0df6b960
