saveMD5 = 37dc68619c78468df275c362e9bc57c9
vesselCount = 18
UT = 3559000.6171866702
gameMode = CAREER
gameNull = False
gameCompatible = True
funds = 3013774.1475863969
science = 264
reputationPercent = 62
ongoingContracts = 3
saveMD5 = 37dc68619c78468df275c362e9bc57c9
