saveMD5 = 7845d75e59ebc4b536d2e4c04513e989
vesselCount = 19
UT = 2601757.1239419817
gameMode = CAREER
gameNull = False
gameCompatible = True
funds = 1915560.6454237588
science = 501
reputationPercent = 45
ongoingContracts = 2
saveMD5 = 7845d75e59ebc4b536d2e4c04513e989
