saveMD5 = 029d9eb4e7a838ada1b8fce3f56735ce
vesselCount = 18
UT = 5516773.8332934454
gameMode = CAREER
gameNull = False
gameCompatible = True
funds = 2059725.1092424621
science = 1115
reputationPercent = 64
ongoingContracts = 8
saveMD5 = 029d9eb4e7a838ada1b8fce3f56735ce
