saveMD5 = 241f082422aabb4ec616a8509614406f
vesselCount = 20
UT = 2662858.6197930286
gameMode = CAREER
gameNull = False
gameCompatible = True
funds = 1856933.8954237588
science = 500
reputationPercent = 49
ongoingContracts = 2
saveMD5 = 241f082422aabb4ec616a8509614406f
