saveMD5 = 94d6bde71a17ca482931a490e94359da
vesselCount = 10
UT = 1317124.6649430203
gameMode = CAREER
gameNull = False
gameCompatible = True
funds = 234679.03405208804
science = 189
reputationPercent = 31
ongoingContracts = 4
saveMD5 = 94d6bde71a17ca482931a490e94359da
