saveMD5 = 2e7fc9221666554e0d5711dc515ca2f1
vesselCount = 16
UT = 2282902.5294349212
gameMode = CAREER
gameNull = False
gameCompatible = True
funds = 1313620.3438383222
science = 262
reputationPercent = 43
ongoingContracts = 2
saveMD5 = 2e7fc9221666554e0d5711dc515ca2f1
