saveMD5 = 6020d9785ce75230353b12f82fb97ada
vesselCount = 18
UT = 3552816.4069422558
gameMode = CAREER
gameNull = False
gameCompatible = True
funds = 2992503.293596948
science = 260
reputationPercent = 62
ongoingContracts = 4
saveMD5 = 6020d9785ce75230353b12f82fb97ada
