saveMD5 = 219a5320d2629849c8bfac9c12d5706f
vesselCount = 6
UT = 875807.78655974299
gameMode = CAREER
gameNull = False
gameCompatible = True
funds = 763784.85425082617
science = 322
reputationPercent = 23
ongoingContracts = 5
saveMD5 = 219a5320d2629849c8bfac9c12d5706f
