saveMD5 = 6d0767ece3f12ebdca5452b0fb09c64b
vesselCount = 6
UT = 1126856.2691838858
gameMode = CAREER
gameNull = False
gameCompatible = True
funds = 545988.48889974435
science = 182
reputationPercent = 30
ongoingContracts = 3
saveMD5 = 6d0767ece3f12ebdca5452b0fb09c64b
