saveMD5 = 28330fc7033a91c6278778f4ea81a135
vesselCount = 14
UT = 1359645.2752445426
gameMode = CAREER
gameNull = False
gameCompatible = True
funds = 867772.29260416236
science = 81
reputationPercent = 42
ongoingContracts = 3
saveMD5 = 28330fc7033a91c6278778f4ea81a135
